1
1
0 0
0 0

1
5
557 16
-521 36
344 298
770 -276
-575 -153
-718 614
-297 238
67 479
-45 272
-575 -151

1
6
3 -7
-10 -8
6 0
2 8
4 -7
-5 4
-2 -5
-1 5
6 8
-4 -6
-8 10
5 9

1
8
0 0
-512 -78
460 10
-993 -732
779 -688
-740 -105
187 -639
230 393
853 -132
-1000 1000
89 -290
-862 781
697 -670
-900 96
-531 828
1000 -1000

6
3
8 0
10 -6
0 -2
10 -1
-2 7
9 -8
4
3 -4
-5 -2
-2 10
-9 -2
-3 6
-6 5
-1 10
4 4
5
7 9
-6 4
-8 -5
-3 2
3 10
10 10
-1 -9
-3 -7
10 5
-3 2
6
-7 -8
-9 -5
-4 8
-1 4
5 -9
8 -4
-10 0
-4 3
-10 10
3 -6
7 2
-8 -9
7
2 -4
8 10
-6 -9
-5 -8
6 -1
-6 4
9 -9
-4 -9
3 -8
-4 -8
6 -4
10 10
3 -2
4 4
8
9 4
-3 -9
8 1
5 1
-6 -8
1 8
8 4
1 -6
-2 -2
7 -4
-5 8
-7 2
-8 -6
9 7
3 9
-10 -8

